mpirun -n 2 ./spaQR -m ../spaQR/mats/lapl/neglapl_2_10.mm -t 0 -n 10 -d 2 --verb 0 --n_threads 1 -l 4
Matrix ../spaQR/mats/lapl/neglapl_2_10.mm with 100 rows,  100 columns loaded
Matrix ../spaQR/mats/lapl/neglapl_2_10.mm with 100 rows,  100 columns loaded
Pre-process time: 1.4e-05
Pre-process time: 1.4e-05
Tensor coordinate matrix of size 10^2 built
Tensor coordinate matrix of size 10^2 built
Using GeometricPartition... 
Using GeometricPartition... 
Proceeding by matching row i to col i ...
Set --hsl 1 if you want to use bipartite matching routine
Proceeding by matching row i to col i ...
Set --hsl 1 if you want to use bipartite matching routine
Proceeding by matching row i to col i ...
Set --hsl 1 if you want to use bipartite matching routine
Proceeding by matching row i to col i ...
Set --hsl 1 if you want to use bipartite matching routine
Time to partition: 0.00026
Time to partition: 0.000223
assemble edges: 0.010192
assemble edges: 0.01018
ata: 7.3e-05
ata: 6.7e-05
dist2: 0.000111
Time to assemble: 0.010562
Aspect ratio of top separator: 1
Lvl Fillin Sprsfy Merge Total   s_top Threads(b,t) 
dist2: 0.000107
Time to assemble: 0.010636
Aspect ratio of top separator: 1
((0 2),2:(0 2);(0 2)) ((2 0),0:(0 0);(0 2)) ((2 0),0:(0 0);(0 2))
Before ssrfb: 
 9.17663 -2.29416 -2.23607        0        0        0        0        0
-2.29416  9.17663        0 -2.23607        0        0        0        0
-2.29416        0  8.94427 -2.23607 -2.23607        0        0        0
       0 -2.29416 -2.23607  8.94427        0 -2.23607        0        0
       0        0 -2.23607        0  8.94427 -2.23607 -2.23607        0
       0        0        0 -2.23607 -2.23607  8.94427        0 -2.23607
       0        0        0        0 -2.23607        0  8.94427 -2.23607
       0        0        0        0        0 -2.23607 -2.23607  8.94427
((0 2),2:(0 2);(0 2)) ((2 0),0:(0 0);(0 2)) ((2 0),0:(0 0);(0 2))
After ssrfb: 
   9.17663   -2.29416   -2.23607          0          0          0          0          0
  -2.17207    8.13231  0.0847469   -2.58974  0.0474933  -0.136746  0.0209635  -0.050204
  -2.29416          0    8.94427   -2.23607   -2.23607          0          0          0
 0.0842633   -2.64926    -2.0715     7.7935   0.105423   -2.64049  0.0480772   -0.13933
         0          0   -2.23607          0    8.94427   -2.23607   -2.23607          0
 0.0447089  -0.131251   0.100614   -2.62748   -2.07129    7.79126  0.0858046   -2.59579
         0          0          0          0   -2.23607          0    8.94427   -2.23607
 0.0184928 -0.0453018  0.0432237  -0.127859  0.0815953   -2.58278    -2.1168    7.92172
((0 2),2:(0 2);(0 2)) ((3 0),1:(2 0);(2 1)) ((2 0),0:(0 0);(0 2))
Before ssrfb: 
       0        0        0        0
       0        0        0        0
       0        0        0        0
       0        0        0        0
       0        0        0        0
       0        0        0        0
-2.23607        0        0        0
       0 -2.23607        0        0
((0 2),2:(0 2);(0 2)) ((3 0),1:(2 0);(2 1)) ((2 0),0:(0 0);(0 2))
After ssrfb: 
        0         0         0         0
        0 0.0209635         0         0
        0         0         0         0
        0 0.0480772         0         0
        0         0         0         0
        0 0.0858046         0         0
 -2.23607         0         0         0
        0   -2.1168         0         0
((0 0),0:(0 0);(0 0)) ((3 0),1:(0 0);(0 4)) ((2 0),0:(0 0);(0 2))
Before ssrfb: 
0 0 0 0 0 0 0 0
0 0 0 0 0 0 0 0
0 0 0 0 0 0 0 0
0 0 0 0 0 0 0 0
0 0 0 0 0 0 0 0
0 0 0 0 0 0 0 0
0 0 0 0 0 0 0 0
0 0 0 0 0 0 0 0
((0 0),0:(0 0);(0 0)) ((3 0),1:(0 0);(0 4)) ((2 0),0:(0 0);(0 2))
After ssrfb: 
-0.0101518 -0.0191258  -0.023758 -0.0136304          0          0          0          0
         0          0          0          0          0          0          0          0
-0.0210228 -0.0429196 -0.0623364 -0.0521005          0          0          0          0
         0          0          0          0          0          0          0          0
-0.0299365 -0.0697729  -0.130551  -0.181025          0          0          0          0
         0          0          0          0          0          0          0          0
-0.0271006 -0.0763291  -0.208739  -0.627175          0          0          0          0
         0          0          0          0          0          0          0          0
((0 0),0:(0 0);(0 0)) ((3 0),1:(2 0);(2 1)) ((2 0),0:(0 0);(0 2))
Before ssrfb: 
        0         0         0         0
        0 0.0209635         0         0
        0         0         0         0
        0 0.0480772         0         0
        0         0         0         0
        0 0.0858046         0         0
 -2.23607         0         0         0
        0   -2.1168         0         0
((0 0),0:(0 0);(0 0)) ((3 0),1:(2 0);(2 1)) ((2 0),0:(0 0);(0 2))
After ssrfb: 
0.0214685         0         0         0
        0 0.0209635         0         0
0.0490046         0         0         0
        0 0.0480772         0         0
0.0867698         0         0         0
        0 0.0858046         0         0
 -2.11673         0         0         0
        0   -2.1168         0         0
((0 0),0:(0 0);(0 0)) ((2 0),0:(0 0);(0 2)) ((2 0),0:(0 0);(0 2))
Before ssrfb: 
   9.17663   -2.29416   -2.23607          0          0          0          0          0
  -2.17207    8.13231  0.0847469   -2.58974  0.0474933  -0.136746  0.0209635  -0.050204
  -2.29416          0    8.94427   -2.23607   -2.23607          0          0          0
 0.0842633   -2.64926    -2.0715     7.7935   0.105423   -2.64049  0.0480772   -0.13933
         0          0   -2.23607          0    8.94427   -2.23607   -2.23607          0
 0.0447089  -0.131251   0.100614   -2.62748   -2.07129    7.79126  0.0858046   -2.59579
         0          0          0          0   -2.23607          0    8.94427   -2.23607
 0.0184928 -0.0453018  0.0432237  -0.127859  0.0815953   -2.58278    -2.1168    7.92172
((0 0),0:(0 0);(0 0)) ((2 0),0:(0 0);(0 2)) ((2 0),0:(0 0);(0 2))
After ssrfb: 
   8.13274   -2.17209   -2.59015  0.0850094  -0.137734  0.0479949 -0.0515093  0.0214685
  -2.17207    8.13231  0.0847469   -2.58974  0.0474933  -0.136746  0.0209635  -0.050204
  -2.64802  0.0839258     7.7941   -2.07154   -2.64207   0.106116  -0.142002  0.0490046
 0.0842633   -2.64926    -2.0715     7.7935   0.105423   -2.64049  0.0480772   -0.13933
 -0.130046  0.0441666   -2.62537   0.099893    7.79145   -2.07128   -2.59938  0.0867698
 0.0447089  -0.131251   0.100614   -2.62748   -2.07129    7.79126  0.0858046   -2.59579
-0.0445013  0.0180021  -0.126169  0.0423557   -2.58054  0.0807326    7.92049   -2.11673
 0.0184928 -0.0453018  0.0432237  -0.127859  0.0815953   -2.58278    -2.1168    7.92172
((0 2),2:(0 2);(0 2)) ((2 0),0:(0 0);(0 2)) ((3 0),3:(0 2);(0 6))
Before ssrfb: 
0 0 0 0 0 0 0 0
0 0 0 0 0 0 0 0
0 0 0 0 0 0 0 0
0 0 0 0 0 0 0 0
0 0 0 0 0 0 0 0
0 0 0 0 0 0 0 0
0 0 0 0 0 0 0 0
0 0 0 0 0 0 0 0
((0 2),2:(0 2);(0 2)) ((2 0),0:(0 0);(0 2)) ((3 0),3:(0 2);(0 6))
After ssrfb: 
 0.0302202 -0.0496849    0.07196  -0.144959   0.139487  -0.409381   0.210015   -1.25403
 0.0447972 -0.0828446  0.0934786  -0.199783   0.143252  -0.389509   0.147548  -0.572252
 0.0388239 -0.0760332  0.0743972  -0.161862  0.0984572  -0.251197  0.0815339  -0.247992
 0.0214854 -0.0432054  0.0392642 -0.0857397  0.0479703  -0.117345  0.0355119 -0.0939148
         0          0          0          0          0          0          0          0
         0          0          0          0          0          0          0          0
         0          0          0          0          0          0          0          0
         0          0          0          0          0          0          0          0
((0 0),0:(0 0);(0 0)) ((3 0),1:(2 0);(2 1)) ((3 0),1:(0 0);(0 4))
Before ssrfb: 
       0        0        0        0
       0        0        0        0
       0        0        0        0
-2.23607        0        0        0
       0        0        0        0
       0        0        0        0
       0        0        0        0
       0        0 -2.23607        0
((0 0),0:(0 0);(0 0)) ((3 0),1:(2 0);(2 1)) ((3 0),1:(0 0);(0 4))
After ssrfb: 
0.0512928         0         0         0
 0.119515         0         0         0
 0.218346         0         0         0
 -1.92442         0         0         0
        0         0         0         0
        0         0         0         0
        0         0         0         0
        0         0  -2.23607         0
((0 2),2:(0 2);(0 2)) ((3 0),1:(2 0);(2 1)) ((3 0),3:(0 2);(0 6))
Before ssrfb: 
       0 -2.23607        0        0
       0        0        0        0
       0        0        0        0
       0        0        0        0
       0        0        0 -2.23607
       0        0        0        0
       0        0        0        0
       0        0        0        0
((0 2),2:(0 2);(0 2)) ((3 0),1:(2 0);(2 1)) ((3 0),3:(0 2);(0 6))
After ssrfb: 
        0  -1.92514         0         0
        0   0.21449         0         0
        0  0.115672         0         0
        0 0.0491675         0         0
        0         0         0  -2.23607
        0         0         0         0
        0         0         0         0
        0         0         0         0
((0 0),0:(0 0);(0 0)) ((2 0),0:(0 0);(0 2)) ((3 0),1:(0 0);(0 4))
Before ssrfb: 
0 0 0 0 0 0 0 0
0 0 0 0 0 0 0 0
0 0 0 0 0 0 0 0
0 0 0 0 0 0 0 0
0 0 0 0 0 0 0 0
0 0 0 0 0 0 0 0
0 0 0 0 0 0 0 0
0 0 0 0 0 0 0 0
((0 0),0:(0 0);(0 0)) ((2 0),0:(0 0);(0 2)) ((3 0),1:(0 0);(0 4))
After ssrfb: 
-0.0427597  0.0212441 -0.0846719  0.0387611  -0.115207  0.0471877 -0.0900385  0.0346471
-0.0757834  0.0386773  -0.161165  0.0740599  -0.249449  0.0978493  -0.243794  0.0807297
 -0.083074  0.0449042  -0.200185  0.0936539  -0.389766   0.143395   -0.57094   0.147488
-0.0500678  0.0304192  -0.145805  0.0723518   -0.41081   0.140034   -1.25573   0.210512
         0          0          0          0          0          0          0          0
         0          0          0          0          0          0          0          0
         0          0          0          0          0          0          0          0
         0          0          0          0          0          0          0          0
((0 2),2:(0 2);(0 2)) ((3 0),3:(0 2);(0 6)) ((2 0),0:(0 0);(0 2))
Before ssrfb: 
0 0 0 0 0 0 0 0
0 0 0 0 0 0 0 0
0 0 0 0 0 0 0 0
0 0 0 0 0 0 0 0
0 0 0 0 0 0 0 0
0 0 0 0 0 0 0 0
0 0 0 0 0 0 0 0
0 0 0 0 0 0 0 0
((0 2),2:(0 2);(0 2)) ((3 0),3:(0 2);(0 6)) ((2 0),0:(0 0);(0 2))
After ssrfb: 
         0          0          0          0          0          0          0          0
-0.0138433 -0.0238536 -0.0191694 -0.0101694          0          0          0          0
         0          0          0          0          0          0          0          0
-0.0524445 -0.0624726 -0.0429756  -0.021044          0          0          0          0
         0          0          0          0          0          0          0          0
 -0.181283  -0.130616 -0.0697869 -0.0299386          0          0          0          0
         0          0          0          0          0          0          0          0
 -0.627068  -0.208647 -0.0762738 -0.0270752          0          0          0          0
((0 0),0:(0 0);(0 0)) ((3 0),1:(0 0);(0 4)) ((3 0),1:(0 0);(0 4))
Before ssrfb: 
 9.17663 -2.23607        0        0 -2.29416        0        0        0
-2.29416  8.94427 -2.23607        0        0 -2.23607        0        0
       0 -2.23607  8.94427 -2.23607        0        0 -2.23607        0
       0        0 -2.23607  8.94427        0        0        0 -2.23607
-2.29416        0        0        0  9.17663 -2.23607        0        0
       0 -2.23607        0        0 -2.29416  8.94427 -2.23607        0
       0        0 -2.23607        0        0 -2.23607  8.94427 -2.23607
       0        0        0 -2.23607        0        0 -2.23607  8.94427
((0 0),0:(0 0);(0 0)) ((3 0),1:(0 0);(0 4)) ((3 0),1:(0 0);(0 4))
After ssrfb: 
   8.13615   -2.58232  -0.122023 -0.0214787   -2.17343  0.0822801   0.043742  0.0166457
  -2.64095    7.81059   -2.60889 -0.0766563  0.0811337   -2.07726  0.0972099  0.0387855
 -0.119833   -2.60062    7.84298   -2.49265  0.0401095  0.0913631   -2.08483  0.0708583
-0.0341197  -0.100126   -2.52248    8.05204  0.0139198  0.0335318  0.0660404   -2.13493
  -2.29416          0          0          0    9.17663   -2.23607          0          0
         0   -2.23607          0          0   -2.29416    8.94427   -2.23607          0
         0          0   -2.23607          0          0   -2.23607    8.94427   -2.23607
         0          0          0   -2.23607          0          0   -2.23607    8.94427
((0 2),2:(0 2);(0 2)) ((3 0),3:(0 2);(0 6)) ((3 0),3:(0 2);(0 6))
Before ssrfb: 
 8.94427 -2.23607        0        0 -2.23607        0        0        0
-2.23607  8.94427 -2.23607        0        0 -2.23607        0        0
       0 -2.23607  8.94427 -2.29416        0        0 -2.23607        0
       0        0 -2.23607  9.17663        0        0        0 -2.29416
-2.23607        0        0        0  8.94427 -2.23607        0        0
       0 -2.23607        0        0 -2.23607  8.94427 -2.23607        0
       0        0 -2.23607        0        0 -2.23607  8.94427 -2.29416
       0        0        0 -2.29416        0        0 -2.23607  9.17663
((0 2),2:(0 2);(0 2)) ((3 0),3:(0 2);(0 6)) ((3 0),3:(0 2);(0 6))
After ssrfb: 
   8.05663   -2.53033  -0.109172 -0.0402824   -2.13516  0.0694542  0.0379178  0.0169562
  -2.47816    7.84594   -2.61564  -0.133379  0.0669424   -2.08507  0.0969134  0.0454503
-0.0653027   -2.59284    7.80858   -2.65835   0.034138  0.0915633   -2.07709  0.0858213
-0.0157354  -0.111282   -2.57283    8.13024  0.0136557  0.0387249  0.0782394   -2.17313
  -2.23607          0          0          0    8.94427   -2.23607          0          0
         0   -2.23607          0          0   -2.23607    8.94427   -2.23607          0
         0          0   -2.23607          0          0   -2.23607    8.94427   -2.29416
         0          0          0   -2.29416          0          0   -2.23607    9.17663
((0 4),4:(0 4);(0 4)) ((3 0),1:(2 0);(2 1)) ((2 1),5:(0 4);(0 6))
Before ssrfb: 
       0        0 -2.23607        0
       0        0        0 -2.23607
((0 4),4:(0 4);(0 4)) ((3 0),1:(2 0);(2 1)) ((2 1),5:(0 4);(0 6))
After ssrfb: 
       0        0 -2.10952        0
       0        0        0 -2.23607
((0 4),4:(0 4);(0 4)) ((3 0),1:(0 0);(0 4)) ((2 1),5:(0 4);(0 6))
Before ssrfb: 
0 0 0 0 0 0 0 0
0 0 0 0 0 0 0 0
((0 4),4:(0 4);(0 4)) ((3 0),1:(0 0);(0 4)) ((2 1),5:(0 4);(0 6))
After ssrfb: 
         0          0          0          0 -0.0288577 -0.0802259  -0.215427  -0.635095
         0          0          0          0          0          0          0          0
((0 6),6:(0 6);(0 6)) ((3 0),1:(2 0);(2 1)) ((1 3),6:(0 6);(0 7))
Before ssrfb: 
0 0 0 0
0 0 0 0
0 0 0 0
0 0 0 0
0 0 0 0
0 0 0 0
0 0 0 0
0 0 0 0
((0 6),6:(0 6);(0 6)) ((3 0),1:(2 0);(2 1)) ((1 3),6:(0 6);(0 7))
After ssrfb: 
0 0 0 0
0 0 0 0
0 0 0 0
0 0 0 0
0 0 0 0
0 0 0 0
0 0 0 0
0 0 0 0
((0 4),4:(0 4);(0 4)) ((3 0),1:(2 0);(2 1)) ((2 1),5:(0 4);(0 7))
Before ssrfb: 
0 0 0 0
0 0 0 0
((0 4),4:(0 4);(0 4)) ((3 0),1:(2 0);(2 1)) ((2 1),5:(0 4);(0 7))
After ssrfb: 
        0         0 0.0509164         0
        0         0         0         0
((0 4),4:(0 4);(0 4)) ((3 0),1:(0 0);(0 4)) ((2 1),5:(0 4);(0 7))
Before ssrfb: 
0 0 0 0 0 0 0 0
0 0 0 0 0 0 0 0
((0 4),4:(0 4);(0 4)) ((3 0),1:(0 0);(0 4)) ((2 1),5:(0 4);(0 7))
After ssrfb: 
         0          0          0          0 -0.0114404 -0.0217228 -0.0270919 -0.0128063
         0          0          0          0          0          0          0          0
((0 6),6:(0 6);(0 6)) ((3 0),1:(2 0);(2 1)) ((2 1),5:(0 4);(0 6))
Before ssrfb: 
       0        0 -2.10952        0
       0        0        0 -2.23607
((0 6),6:(0 6);(0 6)) ((3 0),1:(2 0);(2 1)) ((2 1),5:(0 4);(0 6))
After ssrfb: 
       0        0 -2.10952        0
       0        0        0 -2.16144
((0 4),4:(0 4);(0 4)) ((3 0),1:(2 0);(2 1)) ((2 1),5:(0 4);(1 3))
Before ssrfb: 
0 0 0 0
0 0 0 0
0 0 0 0
0 0 0 0
((0 4),4:(0 4);(0 4)) ((3 0),1:(2 0);(2 1)) ((2 1),5:(0 4);(1 3))
After ssrfb: 
        0         0  0.170616         0
        0         0         0         0
        0         0 0.0956526         0
        0         0         0         0
((0 4),4:(0 4);(0 4)) ((3 0),1:(0 0);(0 4)) ((2 1),5:(0 4);(1 3))
Before ssrfb: 
0 0 0 0 0 0 0 0
0 0 0 0 0 0 0 0
0 0 0 0 0 0 0 0
0 0 0 0 0 0 0 0
((0 4),4:(0 4);(0 4)) ((3 0),1:(0 0);(0 4)) ((2 1),5:(0 4);(1 3))
After ssrfb: 
         0          0          0          0 -0.0284868 -0.0660037  -0.121231  -0.155204
         0          0          0          0          0          0          0          0
         0          0          0          0 -0.0200127 -0.0404687 -0.0568012 -0.0377075
         0          0          0          0          0          0          0          0
((0 6),6:(0 6);(0 6)) ((3 0),1:(2 0);(2 1)) ((3 0),3:(0 2);(0 6))
Before ssrfb: 
        0  -1.92514         0         0
        0   0.21449         0         0
        0  0.115672         0         0
        0 0.0491675         0         0
        0         0         0  -2.23607
        0         0         0         0
        0         0         0         0
        0         0         0         0
((0 6),6:(0 6);(0 6)) ((3 0),1:(2 0);(2 1)) ((3 0),3:(0 2);(0 6))
After ssrfb: 
         0   -1.92514          0          0
         0    0.21449          0          0
         0   0.115672          0          0
         0  0.0491675          0          0
         0          0          0   -2.02591
         0          0          0  0.0987713
         0          0          0  0.0332107
         0          0          0 0.00897383
((0 4),4:(0 4);(0 4)) ((3 0),1:(2 0);(2 1)) ((3 0),1:(0 0);(0 4))
Before ssrfb: 
0.0512928         0         0         0
 0.119515         0         0         0
 0.218346         0         0         0
 -1.92442         0         0         0
        0         0         0         0
        0         0         0         0
        0         0         0         0
        0         0  -2.23607         0
((0 4),4:(0 4);(0 4)) ((3 0),1:(2 0);(2 1)) ((3 0),1:(0 0);(0 4))
After ssrfb: 
0.0512928         0         0         0
 0.119515         0         0         0
 0.218346         0         0         0
 -1.92442         0         0         0
        0         0  0.050343         0
        0         0  0.117802         0
        0         0  0.216608         0
        0         0  -1.92475         0
((0 4),4:(0 4);(0 4)) ((3 0),1:(0 0);(0 4)) ((3 0),1:(0 0);(0 4))
Before ssrfb: 
   8.13615   -2.58232  -0.122023 -0.0214787   -2.17343  0.0822801   0.043742  0.0166457
  -2.64095    7.81059   -2.60889 -0.0766563  0.0811337   -2.07726  0.0972099  0.0387855
 -0.119833   -2.60062    7.84298   -2.49265  0.0401095  0.0913631   -2.08483  0.0708583
-0.0341197  -0.100126   -2.52248    8.05204  0.0139198  0.0335318  0.0660404   -2.13493
  -2.29416          0          0          0    9.17663   -2.23607          0          0
         0   -2.23607          0          0   -2.29416    8.94427   -2.23607          0
         0          0   -2.23607          0          0   -2.23607    8.94427   -2.23607
         0          0          0   -2.23607          0          0   -2.23607    8.94427
((0 4),4:(0 4);(0 4)) ((3 0),1:(0 0);(0 4)) ((3 0),1:(0 0);(0 4))
After ssrfb: 
   8.13615   -2.58232  -0.122023 -0.0214787   -2.17343  0.0822801   0.043742  0.0166457
  -2.64095    7.81059   -2.60889 -0.0766563  0.0811337   -2.07726  0.0972099  0.0387855
 -0.119833   -2.60062    7.84298   -2.49265  0.0401095  0.0913631   -2.08483  0.0708583
-0.0341197  -0.100126   -2.52248    8.05204  0.0139198  0.0335318  0.0660404   -2.13493
  -2.17335   0.081409  0.0421158  0.0154077     8.1348   -2.58088  -0.118349 -0.0186047
 0.0822011   -2.07718  0.0952169  0.0367364   -2.64489    7.80914   -2.60366 -0.0711225
 0.0418265  0.0933559    -2.0849  0.0690553  -0.123958   -2.60623    7.84356   -2.48595
 0.0151421  0.0354586  0.0676308   -2.13504 -0.0364109   -0.10412   -2.52627    8.05417
((0 6),6:(0 6);(0 6)) ((3 0),3:(0 2);(0 6)) ((1 3),6:(0 6);(0 7))
Before ssrfb: 
0 0 0 0 0 0 0 0
0 0 0 0 0 0 0 0
0 0 0 0 0 0 0 0
0 0 0 0 0 0 0 0
0 0 0 0 0 0 0 0
0 0 0 0 0 0 0 0
0 0 0 0 0 0 0 0
0 0 0 0 0 0 0 0
((0 6),6:(0 6);(0 6)) ((3 0),3:(0 2);(0 6)) ((1 3),6:(0 6);(0 7))
After ssrfb: 
          0           0           0           0   -0.574333   -0.141651  -0.0333236 -0.00732524
          0           0           0           0   -0.142033   -0.607926   -0.148863  -0.0341865
          0           0           0           0  -0.0338068   -0.149462    -0.60798   -0.145352
          0           0           0           0  -0.0074407  -0.0338609   -0.142175   -0.589378
          0           0           0           0           0           0           0           0
          0           0           0           0           0           0           0           0
          0           0           0           0           0           0           0           0
          0           0           0           0           0           0           0           0
((0 6),6:(0 6);(0 6)) ((3 0),3:(0 2);(0 6)) ((2 1),5:(0 4);(0 6))
Before ssrfb: 
0 0 0 0 0 0 0 0
0 0 0 0 0 0 0 0
((0 6),6:(0 6);(0 6)) ((3 0),3:(0 2);(0 6)) ((2 1),5:(0 4);(0 6))
After ssrfb: 
          0           0           0           0           0           0           0           0
          0           0           0           0   -0.532543   -0.120564  -0.0244995 -0.00429958
((0 6),6:(0 6);(0 6)) ((3 0),3:(0 2);(0 6)) ((3 0),3:(0 2);(0 6))
Before ssrfb: 
   8.05663   -2.53033  -0.109172 -0.0402824   -2.13516  0.0694542  0.0379178  0.0169562
  -2.47816    7.84594   -2.61564  -0.133379  0.0669424   -2.08507  0.0969134  0.0454503
-0.0653027   -2.59284    7.80858   -2.65835   0.034138  0.0915633   -2.07709  0.0858213
-0.0157354  -0.111282   -2.57283    8.13024  0.0136557  0.0387249  0.0782394   -2.17313
  -2.23607          0          0          0    8.94427   -2.23607          0          0
         0   -2.23607          0          0   -2.23607    8.94427   -2.23607          0
         0          0   -2.23607          0          0   -2.23607    8.94427   -2.29416
         0          0          0   -2.29416          0          0   -2.23607    9.17663
((0 6),6:(0 6);(0 6)) ((3 0),3:(0 2);(0 6)) ((3 0),3:(0 2);(0 6))
After ssrfb: 
     8.05663     -2.53033    -0.109172   -0.0402824     -2.13516    0.0694542    0.0379178    0.0169562
    -2.47816      7.84594     -2.61564    -0.133379    0.0669424     -2.08507    0.0969134    0.0454503
  -0.0653027     -2.59284      7.80858     -2.65835     0.034138    0.0915633     -2.07709    0.0858213
  -0.0157354    -0.111282     -2.57283      8.13024    0.0136557    0.0387249    0.0782394     -2.17313
    -2.16694    0.0326538    0.0111241   0.00313744      8.20323     -2.39035   -0.0268256  -0.00337732
   0.0317592     -2.15195    0.0377319    0.0121272     -2.37424      8.13053     -2.40376   -0.0294788
   0.0102997    0.0363751     -2.15106     0.035858   -0.0189263     -2.39879      8.12563     -2.46415
  0.00265669    0.0108526    0.0336869     -2.21855 -0.000768512   -0.0263351     -2.39747      8.36421
0    0.001   0.192   0.005  0.269  (20, 20)   (1, 1)  
((1 3),3:(1 3);(1 3)) ((3 0),1:(1 1);(1 3)) ((2 1),2:(1 2);(1 3))
Before ssrfb: 
 0.000  0.000  0.000  0.000  0.000  0.000  0.000  0.000
 0.000  0.000  0.000  0.000 -0.533 -0.121 -0.024 -0.004
 0.000  0.000  0.000  0.000  0.000  0.000  0.000  0.000
 0.000  0.000  0.000  0.000  0.000  0.000  0.000  0.000
 0.000  0.000  0.000  0.000  0.000  0.000  0.000  0.000
 0.000  0.000  0.000  0.000  0.000  0.000  0.000  0.000
 0.000  0.000  0.000  0.000  0.000  0.000  0.000  0.000
 0.000  0.000  0.000  0.000  0.000  0.000  0.000  0.000
((1 3),3:(1 3);(1 3)) ((3 0),1:(1 1);(1 3)) ((2 1),2:(1 2);(1 3))
After ssrfb: 
 0.000  0.000  0.000  0.000  0.000  0.000  0.000  0.000
 0.000  0.000  0.000  0.000 -0.541 -0.143 -0.044 -0.014
 0.000  0.000  0.000  0.000  0.000  0.000  0.000  0.000
 0.000  0.000  0.000  0.000 -0.191 -0.133 -0.070 -0.030
 0.000  0.000  0.000  0.000  0.000  0.000  0.000  0.000
 0.000  0.000  0.000  0.000 -0.044 -0.061 -0.043 -0.021
 0.000  0.000  0.000  0.000  0.000  0.000  0.000  0.000
 0.000  0.000  0.000  0.000 -0.100 -0.089 -0.052 -0.023
((1 3),3:(1 3);(1 3)) ((3 0),0:(2 0);(2 1)) ((2 1),2:(1 2);(1 3))
Before ssrfb: 
 0.000  0.000 -2.110  0.000
 0.000  0.000  0.000 -2.161
 0.000  0.000  0.051  0.000
 0.000  0.000  0.000  0.000
 0.000  0.000  0.171  0.000
 0.000  0.000  0.000  0.000
 0.000  0.000  0.096  0.000
 0.000  0.000  0.000  0.000
((1 3),3:(1 3);(1 3)) ((3 0),0:(2 0);(2 1)) ((2 1),2:(1 2);(1 3))
After ssrfb: 
 0.000  0.000 -2.110  0.000
 0.000  0.000  0.000 -2.117
 0.000  0.000  0.051  0.000
 0.000  0.000  0.000  0.046
 0.000  0.000  0.171  0.000
 0.000  0.000  0.000  0.083
 0.000  0.000  0.096  0.000
 0.000  0.000  0.000  0.020
((1 3),3:(1 3);(1 3)) ((3 0),1:(1 1);(1 3)) ((3 0),1:(1 1);(1 3))
Before ssrfb: 
 8.057 -2.530 -0.109 -0.040 -2.135  0.069  0.038  0.017
-2.478  7.846 -2.616 -0.133  0.067 -2.085  0.097  0.045
-0.065 -2.593  7.809 -2.658  0.034  0.092 -2.077  0.086
-0.016 -0.111 -2.573  8.130  0.014  0.039  0.078 -2.173
-2.167  0.033  0.011  0.003  8.203 -2.390 -0.027 -0.003
 0.032 -2.152  0.038  0.012 -2.374  8.131 -2.404 -0.029
 0.010  0.036 -2.151  0.036 -0.019 -2.399  8.126 -2.464
 0.003  0.011  0.034 -2.219 -0.001 -0.026 -2.397  8.364
((1 3),3:(1 3);(1 3)) ((3 0),1:(1 1);(1 3)) ((3 0),1:(1 1);(1 3))
After ssrfb: 
 8.057 -2.530 -0.109 -0.040 -2.135  0.069  0.038  0.017
-2.478  7.846 -2.616 -0.133  0.067 -2.085  0.097  0.045
-0.065 -2.593  7.809 -2.658  0.034  0.092 -2.077  0.086
-0.016 -0.111 -2.573  8.130  0.014  0.039  0.078 -2.173
-2.135  0.069  0.037  0.016  8.045 -2.532 -0.107 -0.038
 0.068 -2.085  0.095  0.043 -2.491  7.842 -2.612 -0.128
 0.035  0.093 -2.077  0.084 -0.074 -2.599  7.808 -2.651
 0.015  0.041  0.080 -2.173 -0.020 -0.116 -2.577  8.133
((1 3),3:(1 3);(1 3)) ((3 0),0:(2 0);(2 1)) ((3 0),1:(1 1);(1 3))
Before ssrfb: 
 0.000 -1.925  0.000  0.000
 0.000  0.214  0.000  0.000
 0.000  0.116  0.000  0.000
 0.000  0.049  0.000  0.000
 0.000  0.000  0.000 -2.026
 0.000  0.000  0.000  0.099
 0.000  0.000  0.000  0.033
 0.000  0.000  0.000  0.009
((1 3),3:(1 3);(1 3)) ((3 0),0:(2 0);(2 1)) ((3 0),1:(1 1);(1 3))
After ssrfb: 
 0.000 -1.925  0.000  0.000
 0.000  0.214  0.000  0.000
 0.000  0.116  0.000  0.000
 0.000  0.049  0.000  0.000
 0.000  0.000  0.000 -1.968
 0.000  0.000  0.000  0.173
 0.000  0.000  0.000  0.092
 0.000  0.000  0.000  0.039
1    0.000   0.040   0.000  0.075  (20, 20)   (1, 1)  
((2 0),0:(2 0);(2 0)) ((3 0),0:(2 0);(2 1)) ((3 0),0:(2 0);(2 1))
Before ssrfb: 
 8.136 -2.582 -0.122 -0.021 -2.173  0.082  0.044  0.017  0.000  0.000  0.000  0.000  0.000  0.000  0.000  0.000  0.051  0.000  0.000  0.000
-2.641  7.811 -2.609 -0.077  0.081 -2.077  0.097  0.039  0.000  0.000  0.000  0.000  0.000  0.000  0.000  0.000  0.120  0.000  0.000  0.000
-0.120 -2.601  7.843 -2.493  0.040  0.091 -2.085  0.071  0.000  0.000  0.000  0.000  0.000  0.000  0.000  0.000  0.218  0.000  0.000  0.000
-0.034 -0.100 -2.522  8.052  0.014  0.034  0.066 -2.135  0.000  0.000  0.000  0.000  0.000  0.000  0.000  0.000 -1.924  0.000  0.000  0.000
-2.173  0.081  0.042  0.015  8.135 -2.581 -0.118 -0.019  0.000  0.000  0.000  0.000  0.000  0.000  0.000  0.000  0.000  0.000  0.050  0.000
 0.082 -2.077  0.095  0.037 -2.645  7.809 -2.604 -0.071  0.000  0.000  0.000  0.000  0.000  0.000  0.000  0.000  0.000  0.000  0.118  0.000
 0.042  0.093 -2.085  0.069 -0.124 -2.606  7.844 -2.486  0.000  0.000  0.000  0.000  0.000  0.000  0.000  0.000  0.000  0.000  0.217  0.000
 0.015  0.035  0.068 -2.135 -0.036 -0.104 -2.526  8.054  0.000  0.000  0.000  0.000  0.000  0.000  0.000  0.000  0.000  0.000 -1.925  0.000
 0.000  0.000  0.000  0.000  0.000  0.000  0.000  0.000  8.057 -2.530 -0.109 -0.040 -2.135  0.069  0.038  0.017  0.000 -1.925  0.000  0.000
 0.000  0.000  0.000  0.000  0.000  0.000  0.000  0.000 -2.478  7.846 -2.616 -0.133  0.067 -2.085  0.097  0.045  0.000  0.214  0.000  0.000
 0.000  0.000  0.000  0.000  0.000  0.000  0.000  0.000 -0.065 -2.593  7.809 -2.658  0.034  0.092 -2.077  0.086  0.000  0.116  0.000  0.000
 0.000  0.000  0.000  0.000  0.000  0.000  0.000  0.000 -0.016 -0.111 -2.573  8.130  0.014  0.039  0.078 -2.173  0.000  0.049  0.000  0.000
 0.000  0.000  0.000  0.000  0.000  0.000  0.000  0.000 -2.135  0.069  0.037  0.016  8.045 -2.532 -0.107 -0.038  0.000  0.000  0.000 -1.968
 0.000  0.000  0.000  0.000  0.000  0.000  0.000  0.000  0.068 -2.085  0.095  0.043 -2.491  7.842 -2.612 -0.128  0.000  0.000  0.000  0.173
 0.000  0.000  0.000  0.000  0.000  0.000  0.000  0.000  0.035  0.093 -2.077  0.084 -0.074 -2.599  7.808 -2.651  0.000  0.000  0.000  0.092
 0.000  0.000  0.000  0.000  0.000  0.000  0.000  0.000  0.015  0.041  0.080 -2.173 -0.020 -0.116 -2.577  8.133  0.000  0.000  0.000  0.039
 0.000  0.000  0.000 -2.236  0.000  0.000  0.000  0.000  0.000  0.000  0.000  0.000  0.000  0.000  0.000  0.000  8.944 -2.236 -2.236  0.000
 0.000  0.000  0.000  0.000  0.000  0.000  0.000  0.000 -2.236  0.000  0.000  0.000  0.000  0.000  0.000  0.000 -2.236  8.944  0.000 -2.236
 0.000  0.000  0.000  0.000  0.000  0.000  0.000 -2.236  0.000  0.000  0.000  0.000  0.000  0.000  0.000  0.000 -2.236  0.000  8.944 -2.236
 0.000  0.000  0.000  0.000  0.000  0.000  0.000  0.000  0.000  0.000  0.000  0.000 -2.236  0.000  0.000  0.000  0.000 -2.236 -2.236  8.944
((2 0),0:(2 0);(2 0)) ((3 0),0:(2 0);(2 1)) ((3 0),0:(2 0);(2 1))
After ssrfb: 
 8.132 -2.592 -0.143 -0.063 -2.171  0.087  0.052  0.030 -0.006 -0.002 -0.001 -0.000  0.005  0.002  0.001  0.000 -0.030 -0.014  0.017  0.009
-2.650  7.789 -2.656 -0.173  0.086 -2.067  0.116  0.069 -0.015 -0.006 -0.002 -0.001  0.011  0.005  0.002  0.001 -0.079 -0.037  0.039  0.022
-0.135 -2.638  7.761 -2.671  0.048  0.109 -2.053  0.125 -0.034 -0.014 -0.006 -0.002  0.021  0.010  0.005  0.002 -0.182 -0.083  0.074  0.042
-0.055 -0.155 -2.649  7.754  0.025  0.059  0.115 -2.048 -0.075 -0.031 -0.013 -0.005  0.039  0.019  0.009  0.004 -2.677 -0.186  0.128  0.075
-2.173  0.081  0.042  0.015  8.135 -2.581 -0.118 -0.019  0.000  0.000  0.000  0.000  0.000  0.000  0.000  0.000  0.000  0.000  0.050  0.000
 0.082 -2.077  0.095  0.037 -2.645  7.809 -2.604 -0.071  0.000  0.000  0.000  0.000  0.000  0.000  0.000  0.000  0.000  0.000  0.118  0.000
 0.042  0.093 -2.085  0.069 -0.124 -2.606  7.844 -2.486  0.000  0.000  0.000  0.000  0.000  0.000  0.000  0.000  0.000  0.000  0.217  0.000
 0.015  0.035  0.068 -2.135 -0.036 -0.104 -2.526  8.054  0.000  0.000  0.000  0.000  0.000  0.000  0.000  0.000  0.000  0.000 -1.925  0.000
-0.005 -0.012 -0.029 -0.069  0.003  0.008  0.017  0.035  7.757 -2.657 -0.164 -0.061 -2.048  0.119  0.063  0.028 -0.167 -2.682  0.068  0.127
-0.002 -0.005 -0.013 -0.030  0.002  0.004  0.009  0.019 -2.658  7.763 -2.653 -0.148  0.121 -2.053  0.114  0.053 -0.072 -0.190  0.038  0.074
-0.001 -0.002 -0.006 -0.014  0.001  0.002  0.005  0.010 -0.163 -2.640  7.786 -2.667  0.064  0.110 -2.067  0.090 -0.032 -0.087  0.020  0.040
-0.000 -0.001 -0.002 -0.005  0.000  0.001  0.002  0.004 -0.059 -0.133 -2.583  8.126  0.027  0.047  0.083 -2.171 -0.012 -0.035  0.009  0.017
 0.000  0.000  0.000  0.000  0.000  0.000  0.000  0.000 -2.135  0.069  0.037  0.016  8.045 -2.532 -0.107 -0.038  0.000  0.000  0.000 -1.968
 0.000  0.000  0.000  0.000  0.000  0.000  0.000  0.000  0.068 -2.085  0.095  0.043 -2.491  7.842 -2.612 -0.128  0.000  0.000  0.000  0.173
 0.000  0.000  0.000  0.000  0.000  0.000  0.000  0.000  0.035  0.093 -2.077  0.084 -0.074 -2.599  7.808 -2.651  0.000  0.000  0.000  0.092
 0.000  0.000  0.000  0.000  0.000  0.000  0.000  0.000  0.015  0.041  0.080 -2.173 -0.020 -0.116 -2.577  8.133  0.000  0.000  0.000  0.039
-0.024 -0.064 -0.159 -2.652  0.012  0.030  0.062  0.117 -0.170 -0.069 -0.029 -0.011  0.070  0.035  0.017  0.007  7.750 -2.683 -2.047  0.128
-0.010 -0.028 -0.066 -0.161  0.006  0.015  0.032  0.063 -2.655 -0.161 -0.064 -0.024  0.119  0.063  0.031  0.013 -2.656  7.738  0.119 -2.046
 0.000  0.000  0.000  0.000  0.000  0.000  0.000 -2.236  0.000  0.000  0.000  0.000  0.000  0.000  0.000  0.000 -2.236  0.000  8.944 -2.236
 0.000  0.000  0.000  0.000  0.000  0.000  0.000  0.000  0.000  0.000  0.000  0.000 -2.236  0.000  0.000  0.000  0.000 -2.236 -2.236  8.944
((2 1),1:(2 1);(2 1)) ((3 0),0:(2 0);(2 1)) ((3 0),0:(2 0);(2 1))
Before ssrfb: 
 8.132 -2.592 -0.143 -0.063 -2.171  0.087  0.052  0.030 -0.006 -0.002 -0.001 -0.000  0.005  0.002  0.001  0.000 -0.030 -0.014  0.017  0.009
-2.650  7.789 -2.656 -0.173  0.086 -2.067  0.116  0.069 -0.015 -0.006 -0.002 -0.001  0.011  0.005  0.002  0.001 -0.079 -0.037  0.039  0.022
-0.135 -2.638  7.761 -2.671  0.048  0.109 -2.053  0.125 -0.034 -0.014 -0.006 -0.002  0.021  0.010  0.005  0.002 -0.182 -0.083  0.074  0.042
-0.055 -0.155 -2.649  7.754  0.025  0.059  0.115 -2.048 -0.075 -0.031 -0.013 -0.005  0.039  0.019  0.009  0.004 -2.677 -0.186  0.128  0.075
-2.173  0.081  0.042  0.015  8.135 -2.581 -0.118 -0.019  0.000  0.000  0.000  0.000  0.000  0.000  0.000  0.000  0.000  0.000  0.050  0.000
 0.082 -2.077  0.095  0.037 -2.645  7.809 -2.604 -0.071  0.000  0.000  0.000  0.000  0.000  0.000  0.000  0.000  0.000  0.000  0.118  0.000
 0.042  0.093 -2.085  0.069 -0.124 -2.606  7.844 -2.486  0.000  0.000  0.000  0.000  0.000  0.000  0.000  0.000  0.000  0.000  0.217  0.000
 0.015  0.035  0.068 -2.135 -0.036 -0.104 -2.526  8.054  0.000  0.000  0.000  0.000  0.000  0.000  0.000  0.000  0.000  0.000 -1.925  0.000
-0.005 -0.012 -0.029 -0.069  0.003  0.008  0.017  0.035  7.757 -2.657 -0.164 -0.061 -2.048  0.119  0.063  0.028 -0.167 -2.682  0.068  0.127
-0.002 -0.005 -0.013 -0.030  0.002  0.004  0.009  0.019 -2.658  7.763 -2.653 -0.148  0.121 -2.053  0.114  0.053 -0.072 -0.190  0.038  0.074
-0.001 -0.002 -0.006 -0.014  0.001  0.002  0.005  0.010 -0.163 -2.640  7.786 -2.667  0.064  0.110 -2.067  0.090 -0.032 -0.087  0.020  0.040
-0.000 -0.001 -0.002 -0.005  0.000  0.001  0.002  0.004 -0.059 -0.133 -2.583  8.126  0.027  0.047  0.083 -2.171 -0.012 -0.035  0.009  0.017
 0.000  0.000  0.000  0.000  0.000  0.000  0.000  0.000 -2.135  0.069  0.037  0.016  8.045 -2.532 -0.107 -0.038  0.000  0.000  0.000 -1.968
 0.000  0.000  0.000  0.000  0.000  0.000  0.000  0.000  0.068 -2.085  0.095  0.043 -2.491  7.842 -2.612 -0.128  0.000  0.000  0.000  0.173
 0.000  0.000  0.000  0.000  0.000  0.000  0.000  0.000  0.035  0.093 -2.077  0.084 -0.074 -2.599  7.808 -2.651  0.000  0.000  0.000  0.092
 0.000  0.000  0.000  0.000  0.000  0.000  0.000  0.000  0.015  0.041  0.080 -2.173 -0.020 -0.116 -2.577  8.133  0.000  0.000  0.000  0.039
-0.024 -0.064 -0.159 -2.652  0.012  0.030  0.062  0.117 -0.170 -0.069 -0.029 -0.011  0.070  0.035  0.017  0.007  7.750 -2.683 -2.047  0.128
-0.010 -0.028 -0.066 -0.161  0.006  0.015  0.032  0.063 -2.655 -0.161 -0.064 -0.024  0.119  0.063  0.031  0.013 -2.656  7.738  0.119 -2.046
 0.000  0.000  0.000  0.000  0.000  0.000  0.000 -2.236  0.000  0.000  0.000  0.000  0.000  0.000  0.000  0.000 -2.236  0.000  8.944 -2.236
 0.000  0.000  0.000  0.000  0.000  0.000  0.000  0.000  0.000  0.000  0.000  0.000 -2.236  0.000  0.000  0.000  0.000 -2.236 -2.236  8.944
((2 1),1:(2 1);(2 1)) ((3 0),0:(2 0);(2 1)) ((3 0),0:(2 0);(2 1))
After ssrfb: 
 8.132 -2.592 -0.143 -0.063 -2.171  0.087  0.052  0.030 -0.006 -0.002 -0.001 -0.000  0.005  0.002  0.001  0.000 -0.030 -0.014  0.017  0.009
-2.650  7.789 -2.656 -0.173  0.086 -2.067  0.116  0.069 -0.015 -0.006 -0.002 -0.001  0.011  0.005  0.002  0.001 -0.079 -0.037  0.039  0.022
-0.135 -2.638  7.761 -2.671  0.048  0.109 -2.053  0.125 -0.034 -0.014 -0.006 -0.002  0.021  0.010  0.005  0.002 -0.182 -0.083  0.074  0.042
-0.055 -0.155 -2.649  7.754  0.025  0.059  0.115 -2.048 -0.075 -0.031 -0.013 -0.005  0.039  0.019  0.009  0.004 -2.677 -0.186  0.128  0.075
-2.171  0.086  0.051  0.029  8.131 -2.590 -0.138 -0.058  0.005  0.002  0.001  0.000 -0.007 -0.003 -0.001 -0.000  0.017  0.009 -0.024 -0.020
 0.087 -2.067  0.114  0.067 -2.653  7.789 -2.646 -0.155  0.011  0.005  0.002  0.001 -0.018 -0.007 -0.003 -0.001  0.039  0.022 -0.045 -0.047
 0.049  0.111 -2.053  0.123 -0.138 -2.639  7.774 -2.625  0.021  0.010  0.005  0.002 -0.036 -0.015 -0.006 -0.002  0.074  0.042 -0.061 -0.092
 0.026  0.061  0.117 -2.048 -0.055 -0.149 -2.622  7.857  0.039  0.019  0.009  0.004 -0.071 -0.030 -0.013 -0.005  0.127  0.075 -2.350 -0.169
-0.005 -0.012 -0.029 -0.069  0.003  0.008  0.017  0.035  7.757 -2.657 -0.164 -0.061 -2.048  0.119  0.063  0.028 -0.167 -2.682  0.068  0.127
-0.002 -0.005 -0.013 -0.030  0.002  0.004  0.009  0.019 -2.658  7.763 -2.653 -0.148  0.121 -2.053  0.114  0.053 -0.072 -0.190  0.038  0.074
-0.001 -0.002 -0.006 -0.014  0.001  0.002  0.005  0.010 -0.163 -2.640  7.786 -2.667  0.064  0.110 -2.067  0.090 -0.032 -0.087  0.020  0.040
-0.000 -0.001 -0.002 -0.005  0.000  0.001  0.002  0.004 -0.059 -0.133 -2.583  8.126  0.027  0.047  0.083 -2.171 -0.012 -0.035  0.009  0.017
 0.003  0.008  0.017  0.035 -0.004 -0.011 -0.027 -0.062 -2.048  0.118  0.062  0.027  7.824 -2.641 -0.158 -0.058  0.068  0.127 -0.148 -2.408
 0.002  0.004  0.009  0.019 -0.002 -0.005 -0.013 -0.032  0.122 -2.052  0.113  0.051 -2.641  7.766 -2.648 -0.143  0.038  0.074 -0.080 -0.111
 0.001  0.002  0.005  0.010 -0.001 -0.002 -0.006 -0.016  0.065  0.112 -2.067  0.088 -0.163 -2.645  7.786 -2.660  0.020  0.039 -0.041 -0.074
 0.000  0.001  0.002  0.004 -0.000 -0.001 -0.002 -0.007  0.028  0.049  0.085 -2.171 -0.061 -0.137 -2.587  8.129  0.008  0.017 -0.017 -0.037
-0.024 -0.064 -0.159 -2.652  0.012  0.030  0.062  0.117 -0.170 -0.069 -0.029 -0.011  0.070  0.035  0.017  0.007  7.750 -2.683 -2.047  0.128
-0.010 -0.028 -0.066 -0.161  0.006  0.015  0.032  0.063 -2.655 -0.161 -0.064 -0.024  0.119  0.063  0.031  0.013 -2.656  7.738  0.119 -2.046
 0.012  0.030  0.062  0.117 -0.020 -0.049 -0.106 -2.467  0.070  0.035  0.017  0.007 -0.136 -0.062 -0.027 -0.010 -2.047  0.128  8.384 -2.544
 0.006  0.015  0.032  0.063 -0.009 -0.023 -0.052 -0.116  0.119  0.063  0.031  0.013 -2.504 -0.126 -0.057 -0.023  0.119 -2.046 -2.509  8.351
2    0.000   0.013   0.025  0.071  (20, 20)   (1, 1)  
3    0.000   0.000   0.000  0.029  (20, 20)   (1, 1)  
Tolerance set: 0.000e+00
Time to factorize:  4.439e-01
<<<<tsolv=1.191e-03
One-time solve (Random b):
<<<<|(Ax-b)|/|b| : 8.740e-02
