((2 1),1:(2 1);(2 1)) ((3 0),0:(2 0);(2 1)) ((3 0),0:(2 0);(2 1))
Before ssrfb: 
 8.132 -2.592 -0.143 -0.063 -2.171  0.087  0.052  0.030 -0.006 -0.002 -0.001 -0.000  0.005  0.002  0.001  0.000 -0.030 -0.014  0.017  0.009
-2.650  7.789 -2.656 -0.173  0.086 -2.067  0.116  0.069 -0.015 -0.006 -0.002 -0.001  0.011  0.005  0.002  0.001 -0.079 -0.037  0.039  0.022
-0.135 -2.638  7.761 -2.671  0.048  0.109 -2.053  0.125 -0.034 -0.014 -0.006 -0.002  0.021  0.010  0.005  0.002 -0.182 -0.083  0.074  0.042
-0.055 -0.155 -2.649  7.754  0.025  0.059  0.115 -2.048 -0.075 -0.031 -0.013 -0.005  0.039  0.019  0.009  0.004 -2.677 -0.186  0.128  0.075
-2.173  0.081  0.042  0.015  8.135 -2.581 -0.118 -0.019  0.000  0.000  0.000  0.000  0.000  0.000  0.000  0.000  0.000  0.000  0.050  0.000
 0.082 -2.077  0.095  0.037 -2.645  7.809 -2.604 -0.071  0.000  0.000  0.000  0.000  0.000  0.000  0.000  0.000  0.000  0.000  0.118  0.000
 0.042  0.093 -2.085  0.069 -0.124 -2.606  7.844 -2.486  0.000  0.000  0.000  0.000  0.000  0.000  0.000  0.000  0.000  0.000  0.217  0.000
 0.015  0.035  0.068 -2.135 -0.036 -0.104 -2.526  8.054  0.000  0.000  0.000  0.000  0.000  0.000  0.000  0.000  0.000  0.000 -1.925  0.000
-0.005 -0.012 -0.029 -0.069  0.003  0.008  0.017  0.035  7.757 -2.657 -0.164 -0.061 -2.048  0.119  0.063  0.028 -0.167 -2.682  0.068  0.127
-0.002 -0.005 -0.013 -0.030  0.002  0.004  0.009  0.019 -2.658  7.763 -2.653 -0.148  0.121 -2.053  0.114  0.053 -0.072 -0.190  0.038  0.074
-0.001 -0.002 -0.006 -0.014  0.001  0.002  0.005  0.010 -0.163 -2.640  7.786 -2.667  0.064  0.110 -2.067  0.090 -0.032 -0.087  0.020  0.040
-0.000 -0.001 -0.002 -0.005  0.000  0.001  0.002  0.004 -0.059 -0.133 -2.583  8.126  0.027  0.047  0.083 -2.171 -0.012 -0.035  0.009  0.017
 0.000  0.000  0.000  0.000  0.000  0.000  0.000  0.000 -2.135  0.069  0.037  0.016  8.056 -2.529 -0.107 -0.038  0.000  0.000  0.000 -1.925
 0.000  0.000  0.000  0.000  0.000  0.000  0.000  0.000  0.068 -2.085  0.095  0.043 -2.481  7.844 -2.612 -0.128  0.000  0.000  0.000  0.215
 0.000  0.000  0.000  0.000  0.000  0.000  0.000  0.000  0.035  0.093 -2.077  0.084 -0.068 -2.598  7.808 -2.651  0.000  0.000  0.000  0.117
 0.000  0.000  0.000  0.000  0.000  0.000  0.000  0.000  0.015  0.041  0.080 -2.173 -0.017 -0.115 -2.577  8.133  0.000  0.000  0.000  0.050
-0.024 -0.064 -0.159 -2.652  0.012  0.030  0.062  0.117 -0.170 -0.069 -0.029 -0.011  0.070  0.035  0.017  0.007  7.750 -2.683 -2.047  0.128
-0.010 -0.028 -0.066 -0.161  0.006  0.015  0.032  0.063 -2.655 -0.161 -0.064 -0.024  0.119  0.063  0.031  0.013 -2.656  7.738  0.119 -2.046
 0.000  0.000  0.000  0.000  0.000  0.000  0.000 -2.236  0.000  0.000  0.000  0.000  0.000  0.000  0.000  0.000 -2.236  0.000  8.944 -2.236
 0.000  0.000  0.000  0.000  0.000  0.000  0.000  0.000  0.000  0.000  0.000  0.000 -2.236  0.000  0.000  0.000  0.000 -2.236 -2.236  8.944
U_data: 
-0.000 -0.000 -0.000 -0.000 -0.000 -0.000 -0.000  0.000
-0.000 -0.000 -0.000 -0.000 -0.000 -0.000 -0.000  0.000
-0.000 -0.000 -0.000 -0.000 -0.000 -0.000 -0.000  0.000
-0.000 -0.000 -0.000 -0.000 -0.000 -0.000 -0.000  0.000
 0.005  0.000  0.002 -0.000  0.011  0.002  0.018 -0.013
 0.014  0.002  0.004 -0.000  0.025  0.007  0.037 -0.029
 0.032  0.007  0.005 -0.001  0.046  0.016  0.057 -0.050
 0.071  0.022  0.003 -0.001  0.072  0.036  0.070 -0.077
-0.000 -0.000 -0.000 -0.000 -0.000 -0.000 -0.000  0.000
-0.000 -0.000 -0.000 -0.000 -0.000 -0.000 -0.000  0.000
-0.000 -0.000 -0.000 -0.000 -0.000 -0.000 -0.000  0.000
-0.000 -0.000 -0.000 -0.000 -0.000 -0.000 -0.000  0.000
-0.012  0.074 -0.002  0.002 -0.009  0.081 -0.007 -0.104
-0.008  0.032 -0.003  0.004 -0.011  0.047 -0.013 -0.075
-0.005  0.013 -0.002  0.004 -0.008  0.025 -0.011 -0.046
-0.002  0.005 -0.001  0.002 -0.004  0.010 -0.006 -0.021
-0.000 -0.000 -0.000 -0.000 -0.000 -0.000 -0.000  0.000
-0.000 -0.000 -0.000 -0.000 -0.000 -0.000 -0.000  0.000
 0.127  0.063 -0.000 -0.000  0.083  0.072  0.061 -0.105
-0.000  0.142 -0.000 -0.000  0.015  0.109  0.018 -0.121
((2 1),1:(2 1);(2 1)) ((3 0),0:(2 0);(2 1)) ((3 0),0:(2 0);(2 1))
After ssrfb: 
 8.132 -2.592 -0.143 -0.063 -2.171  0.087  0.052  0.030 -0.006 -0.002 -0.001 -0.000  0.005  0.002  0.001  0.000 -0.030 -0.014  0.017  0.009
-2.650  7.789 -2.656 -0.173  0.086 -2.067  0.116  0.069 -0.015 -0.006 -0.002 -0.001  0.011  0.005  0.002  0.001 -0.079 -0.037  0.039  0.022
-0.135 -2.638  7.761 -2.671  0.048  0.109 -2.053  0.125 -0.034 -0.014 -0.006 -0.002  0.021  0.010  0.005  0.002 -0.182 -0.083  0.074  0.042
-0.055 -0.155 -2.649  7.754  0.025  0.059  0.115 -2.048 -0.075 -0.031 -0.013 -0.005  0.039  0.019  0.009  0.004 -2.677 -0.186  0.128  0.075
-2.171  0.086  0.050  0.028  8.131 -2.591 -0.140 -0.061  0.004  0.002  0.001  0.000 -0.006 -0.002 -0.001 -0.000  0.016  0.009 -0.030 -0.013
 0.087 -2.067  0.114  0.066 -2.654  7.787 -2.651 -0.168  0.010  0.005  0.002  0.001 -0.015 -0.007 -0.003 -0.001  0.038  0.020 -0.079 -0.034
 0.050  0.111 -2.052  0.122 -0.139 -2.644  7.760 -2.665  0.020  0.010  0.005  0.002 -0.034 -0.015 -0.006 -0.002  0.072  0.039 -0.180 -0.076
 0.026  0.061  0.118 -2.048 -0.058 -0.160 -2.655  7.754  0.038  0.019  0.009  0.004 -0.074 -0.032 -0.014 -0.005  0.126  0.071 -2.673 -0.176
-0.005 -0.012 -0.029 -0.069  0.003  0.008  0.017  0.035  7.757 -2.657 -0.164 -0.061 -2.048  0.119  0.063  0.028 -0.167 -2.682  0.068  0.127
-0.002 -0.005 -0.013 -0.030  0.002  0.004  0.009  0.019 -2.658  7.763 -2.653 -0.148  0.121 -2.053  0.114  0.053 -0.072 -0.190  0.038  0.074
-0.001 -0.002 -0.006 -0.014  0.001  0.002  0.005  0.010 -0.163 -2.640  7.786 -2.667  0.064  0.110 -2.067  0.090 -0.032 -0.087  0.020  0.040
-0.000 -0.001 -0.002 -0.005  0.000  0.001  0.002  0.004 -0.059 -0.133 -2.583  8.126  0.027  0.047  0.083 -2.171 -0.012 -0.035  0.009  0.017
 0.004  0.009  0.018  0.036 -0.005 -0.013 -0.031 -0.072 -2.048  0.119  0.063  0.027  7.755 -2.659 -0.163 -0.060  0.069  0.125 -0.171 -2.674
 0.002  0.004  0.009  0.019 -0.002 -0.006 -0.014 -0.032  0.121 -2.052  0.113  0.051 -2.660  7.761 -2.650 -0.143  0.038  0.072 -0.074 -0.182
 0.001  0.002  0.005  0.010 -0.001 -0.002 -0.006 -0.014  0.065  0.112 -2.067  0.088 -0.165 -2.646  7.786 -2.660  0.019  0.038 -0.032 -0.080
 0.000  0.001  0.002  0.004 -0.000 -0.001 -0.002 -0.005  0.028  0.049  0.085 -2.171 -0.060 -0.137 -2.587  8.128  0.008  0.016 -0.012 -0.032
-0.024 -0.064 -0.159 -2.652  0.012  0.030  0.062  0.117 -0.170 -0.069 -0.029 -0.011  0.070  0.035  0.017  0.007  7.750 -2.683 -2.047  0.128
-0.010 -0.028 -0.066 -0.161  0.006  0.015  0.032  0.063 -2.655 -0.161 -0.064 -0.024  0.119  0.063  0.031  0.013 -2.656  7.738  0.119 -2.046
 0.013  0.032  0.064  0.119 -0.024 -0.066 -0.163 -2.657  0.069  0.036  0.017  0.007 -0.171 -0.071 -0.030 -0.011 -2.047  0.124  7.749 -2.670
 0.007  0.017  0.034  0.067 -0.011 -0.029 -0.070 -0.168  0.120  0.065  0.032  0.013 -2.659 -0.164 -0.066 -0.025  0.122 -2.047 -2.663  7.746